# COD IDs audited, one per line.
# seed=42 sample=0 corpus=.audit_work/pool_early
2000022
2000042
2000420
2000488
2000531
2000695
2001129
2001132
2001431
2001446
2001543
2002165
2002168
2002215
2002219
2002233
2002286
2002315
2002354
2002370
2002371
2002387
2002405
2002418
2002422
2002433
2002466
2002504
2002509
2002556
2002576
2002599
2002739
2002755
2002756
2002849
2002852
2003092
2003096
2003158
2003159
2003162
2003245
2003271
2003474
2003510
2003622
2003675
2003788
2003910
2004237
2005206
2005383
2005812
2006066
2006321
2006776
2006992
2008132
2009101
2010257
2010341
2010760
2011820
2011945
2015632
2017068
2017527
2017834
2023290
2100579
2101510
2101918
2102253
2102265
2102271
2102280
2102289
