# COD IDs audited, one per line.
# seed=42 sample=1000 corpus=.audit_work/pool_early
2000152
2000202
2000867
2000903
2000908
2000912
2000944
2001126
2001135
2001147
2001212
2001214
2001259
2001425
2001506
2001566
2001767
2001799
2001812
2001883
2002369
2002394
2002563
2002722
2002912
2002995
2002996
2003057
2003094
2003114
2003215
2003389
2003713
2003746
2003870
2003894
2003896
2003900
2003967
2004090
2004121
2004162
2004175
2004205
2004303
2004346
2004454
2004457
2004469
2004540
2004575
2004660
2004746
2004761
2004810
2004821
2005033
2005048
2005308
2005389
2005467
2005854
2006048
2006184
2006201
2006420
2006430
2006446
2006468
2006507
2006514
2006753
2006985
2007242
2007257
2007399
2007572
2007691
2007941
2008048
2008182
2008244
2008826
2008865
2009036
2009065
2009126
2009226
2009410
2009451
2009455
2009558
2009633
2009721
2009758
2009770
2009948
2010167
2010434
2010554
2010644
2010689
2011049
2011090
2011113
2011233
2011272
2011368
2011391
2011464
2011568
2011614
2011678
2011724
2011726
2011746
2011781
2011992
2012128
2012285
2012391
2012397
2012460
2012469
2012775
2012783
2012894
2012913
2013204
2013262
2013381
2013442
2013561
2013596
2013623
2013794
2013997
2014220
2014677
2014942
2015054
2015149
2015227
2015240
2015288
2015334
2015398
2015400
2015556
2015586
2015609
2015868
2015884
2015927
2016022
2016225
2016342
2016607
2016659
2016696
2016715
2017017
2017018
2017168
2017312
2017355
2017575
2017638
2017788
2017969
2018096
2018099
2018270
2018411
2018519
2018538
2019202
2019311
2019361
2019387
2019423
2019663
2019818
2019826
2019850
2019935
2020004
2020124
2020200
2020287
2020604
2020787
2020885
2020949
2021273
2021590
2021683
2021713
2021810
2021846
2021973
2022120
2022197
2022292
2022297
2022365
2022418
2022474
2022848
2022851
2023010
2023065
2023201
2023358
2100068
2100144
2100194
2100351
2100369
2100504
2100693
2100805
2100820
2100912
2100959
2100993
2101054
2101069
2101121
2101129
2101279
2101286
2101300
2101582
2101751
2101759
2101840
2101907
2101992
2102282
2102401
2102438
2102586
2102677
2102760
2103092
2103485
2103620
2103655
2103696
2103788
2103872
2103963
2103974
2104056
2104186
2104278
2104303
2104333
2104419
2104456
2104529
2105078
2105319
2105392
2105452
2105558
2105643
2106044
2106045
2106060
2106132
2106568
2106576
2106635
2106670
2106722
2106816
2106910
2106915
2107037
2107058
2107227
2107283
2107452
2107615
2107748
2107757
2107832
2107990
2107993
2108124
2108133
2108275
2108639
2108891
2200063
2200064
2200196
2200203
2200268
2200269
2200292
2200308
2200466
2200499
2200605
2200634
2200675
2200787
2200877
2200935
2200939
2201018
2201203
2201363
2201611
2201637
2201683
2201919
2202019
2202095
2202104
2202232
2202294
2202402
2202715
2203103
2203126
2203319
2203589
2203601
2203715
2203810
2203819
2203842
2203935
2204078
2204156
2204285
2204589
2204606
2204683
2204686
2204794
2204863
2204886
2204946
2205124
2205188
2205244
2205383
2205682
2205691
2205817
2205827
2206059
2206064
2206175
2206217
2206277
2206382
2206641
2206694
2206957
2207013
2207224
2207263
2207812
2208198
2208271
2208365
2208388
2208590
2209024
2209530
2209723
2209852
2209994
2210070
2210083
2210213
2210520
2210565
2210632
2210821
2210860
2210912
2211053
2211097
2211105
2211241
2211261
2211370
2211421
2211445
2211487
2211834
2211926
2211986
2212108
2212564
2212637
2212772
2212780
2212789
2212813
2212821
2212829
2212939
2212975
2213009
2213135
2213177
2213261
2213289
2213294
2213332
2213551
2213580
2213708
2213918
2214006
2214110
2214175
2214233
2214372
2214408
2214436
2214485
2214587
2214626
2214655
2214964
2215016
2215228
2215285
2215395
2215706
2215729
2215925
2216039
2216225
2216291
2216372
2216448
2216626
2216748
2216760
2216801
2216807
2216923
2216947
2216995
2217437
2217475
2217598
2217694
2217910
2217991
2218005
2218032
2218567
2218624
2218745
2219023
2219061
2219194
2219370
2219384
2219540
2219560
2219688
2219810
2219917
2220169
2220176
2220213
2220421
2220461
2220560
2220581
2220677
2220736
2220745
2220895
2221075
2221127
2221511
2221539
2221666
2221838
2221876
2221930
2222291
2222313
2222505
2222554
2222643
2222727
2222865
2222913
2222917
2223239
2223261
2223768
2224018
2224054
2224290
2224789
2224815
2224884
2224987
2225176
2225243
2225265
2225392
2225546
2225606
2225721
2225798
2225870
2226105
2226168
2226218
2226264
2226336
2226466
2226542
2226644
2227043
2227229
2227252
2227398
2227652
2227815
2227820
2228128
2228404
2228416
2228508
2228672
2228732
2229051
2229202
2229305
2229307
2229334
2229418
2229552
2229741
2229751
2229786
2229859
2229875
2229882
2229962
2230087
2230247
2230290
2230355
2230359
2230523
2230591
2231180
2231438
2231450
2231532
2231854
2231859
2231948
2232088
2232475
2232609
2232957
2233198
2233207
2233276
2233388
2233423
2233713
2233786
2233860
2234096
2234182
2234326
2234536
2234565
2234620
2234628
2234954
2235295
2235327
2235524
2235603
2235618
2235814
2235884
2235908
2236035
2236060
2236260
2236341
2236540
2236636
2236678
2236762
2236766
2236925
2236979
2237005
2237386
2237404
2237629
2237720
2237761
2237771
2237892
2237962
2238027
2238046
2238079
2238169
2238223
2238225
2238263
2238266
2238341
2238426
2238779
2238880
2238976
2239121
2239138
2239449
2239495
2239643
2239670
2239685
2239738
2239746
2240015
2240024
2240091
2240168
2240196
2240214
2240380
2240774
2240841
2240842
2240874
2240952
2241066
2241169
2241290
2241308
2241364
2241817
2241989
2242078
2242544
2242731
2242955
2242988
2243059
2243149
2243233
2243408
2243433
2243483
2243492
2243973
2244191
2300544
2300615
2310217
2310219
2310419
2310505
2310921
2311013
2311197
2311212
2311241
2311279
2311341
2311347
2311478
2311515
2311519
2311605
2311708
2311722
2311798
2311802
2311804
2311832
2311846
2312057
2312130
2312198
2312207
2312264
2312273
2312629
3000064
3000125
3000228
3000490
3000496
3000578
3500061
3500083
5000061
6000092
6000441
6000469
6000621
6000770
7000051
7000086
7000113
7000125
7000155
7000235
7000313
7000376
7000474
7001188
7001256
7001286
7001287
7001327
7001407
7001417
7001600
7001764
7002152
7002185
7002231
7002333
7002385
7002396
7002419
7002478
7002498
7002593
7002600
7002659
7002661
7002699
7003292
7003388
7003447
7003511
7003563
7003664
7003725
7003757
7003764
7003771
7003803
7004006
7004109
7004290
7004324
7004363
7004392
7004407
7004444
7004468
7004787
7005022
7005217
7005230
7005386
7005506
7005845
7005873
7005918
7005967
7006064
7006080
7006190
7006197
7006207
7006286
7006327
7006392
7006666
7006782
7007031
7007041
7007140
7007227
7007472
7007584
7007620
7007623
7007652
7007934
7007960
7008039
7008153
7008177
7008337
7008380
7008437
7009072
7009119
7009125
7009146
7009178
7009380
7009510
7009563
7009614
7009621
7009657
7009705
7009922
7130042
7131356
7132632
7132942
7133077
7133336
7133428
9000166
9000721
9000758
9000827
9000981
9001163
9001415
9001526
9001686
9001944
9002010
9002082
9002088
9002109
9002204
9002248
9002324
9002393
9002515
9002701
9002797
9002829
9003185
9003201
9003218
9003504
9003622
9003654
9003857
9003873
9003943
9003951
9003968
9003995
9004057
9004061
9004172
9004175
9004176
9004207
9004334
9004411
9004452
9004581
9005100
9005368
9005375
9005521
9005848
9006088
9006141
9006142
9006216
9006300
9006352
9006371
9006476
9006982
9007331
9007494
9007567
9007690
9007905
9007957
9008081
9008107
9008381
9008388
9008460
9008532
9008596
9008707
9008733
9008806
9008853
9008868
9008876
9009361
9009668
9009703
9009748
9009960
9009967
9010015
9010018
9010134
9010152
9010360
9010390
9010507
9010605
9010621
9010791
9010870
9010900
9011076
9011181
9011208
9011215
9011225
9011268
9011433
9011629
9011920
9012024
9012059
9012099
9012166
9012174
9012190
9012336
9012401
9012460
9012482
9012521
9012686
9012778
9013299
9013480
9013486
9013497
9013675
9013682
9013926
9013973
9014068
9014142
9014193
9014325
9014373
9014458
9014473
9014521
9014706
9014759
9014775
9014894
9015216
9015278
9015370
9015490
9015555
9015596
9015623
9015812
9015843
9016074
9016225
9016431
9016443
9016540
9016546
9016575
9016632
9016704
9016820
9016989
9017016
9017057
9017088
9017102
9017159
9017220
9017244
9017328
9017467
9017654
9017770
9017842
9017865
9017923
